header1
header2
header3
MEME2000
2019076010525.150 2641.1811939029812 4337.925687893781 -4600.450645468357
2.1015721333571772e-06 -4.638113824167789e-07 8.425484938843491e-07 1.0616917015537425e-06 6.095978769885146e-08 1.2831934661427965e-06
2019076010624.990 2216.0385811492342 4476.645927122795 -4690.973541054587
0.0006946749309235824 -0.00014282329738598418 0.00037402584622981024 -6.63740788671554e-05 0.0002159926247342236 0.0008415425112788115
2019076010724.830 1781.0881871855095 4595.5531988799585 -4760.676401674036
0.0027554340971288295 -0.0005338731916270257 0.0014960649151598685 -0.00027081461788274196 0.0008505648005286094 0.0033758734261131566
2019076010824.670 1338.2555656831219 4694.122636555482 -4809.251276990848
0.00615340783625757 -0.0011581563671571279 0.0033547129615884336 -0.0006254603797071657 0.001863741956082165 0.007611019477769341
2019076010924.510 889.5007553021001 4771.9189666719085 -4836.483527000558
0.010832499332645842 -0.0019946971075555215 0.005933902894384583 -0.0011431369941545574 0.003186064011291776 0.013559960058603522
2019076011024.350 436.80972754910533 4828.59836795501 -4842.252732541423
0.01671081775940575 -0.003021990869149184 0.009218042549528738 -0.0018279803637518814 0.004716973139554765 0.021242723667223903
2019076011124.190 -17.814267289685876 4863.9099439767 -4826.533205311441
0.023683143717835007 -0.004223667275637365 0.013196831516733024 -0.0026671802290884655 0.006323744299396054 0.03068652789588836
2019076011224.030 -472.3594202360486 4877.696806620912 -4789.394094340201
0.0316264189999735 -0.00559467535920248 0.017870458153678496 -0.003623102491876425 0.007841042567559563 0.041925320536811674
2019076011323.870 -924.8141142284711 4869.89676947321 -4730.999089615417
0.040408038938726305 -0.007147862893955784 0.023255036800631342 -0.004626046717147891 0.009071096581060865 0.054998840250322034
2019076011423.710 -1373.1756721136246 4840.542651170371 -4651.605727279178
0.04989665213574783 -0.008920866941987236 0.029388137321953136 -0.00556780544792758 0.009784460744511501 0.0699513342261468
2019076011523.550 -1815.459072270639 4789.762188309452 -4551.564303105017
0.0599609785188317 -0.01098457774147936 0.03633412377026413 -0.006289407789254393 0.009721892638218934 0.08682753069588668
2019076011623.390 -2249.705604922511 4717.777555885164 -4431.3164010837145
0.0705144260119465 -0.013447264197020687 0.04418982272514967 -0.006589945744777094 0.008595040478174781 0.10567593214687813
2019076011723.230 -2673.9914428066727 4624.904491277105 -4291.393042124775
0.08151331548160234 -0.016464664533945093 0.053088676958985295 -0.006214454988695644 0.006089772932753182 0.12654418542953444
2019076011823.070 -3086.4360976050457 4511.551016790718 -4132.412455258503
0.09298980460538717 -0.020249403653249454 0.06320365549597269 -0.00485791991806184 0.0018694390184317473 0.14948030545030822
2019076011922.910 -3485.210728924418 4378.21575672192 -3955.0774718137945
0.10505089564028983 -0.025077903060720063 0.07475062391288705 -0.0021515145187433393 -0.0044205003886386394 0.1745254175512341
2019076012022.750 -3868.546267282471 4225.4858481983665 -3760.1725430871347
0.11789404994430433 -0.03130447313757842 0.08798712401003689 0.0023455792984015205 -0.013143718231000814 0.20170593578133086
2019076012122.590 -4234.741308445966 4054.0344500694105 -3548.5603844753778
0.13186929827380936 -0.0393591226920466 0.10321380079316411 0.009136812330069901 -0.02466749286758203 0.23102871135507147
2019076012222.430 -4582.169735066073 3864.617859575971 -3321.178253494549
0.14748831595994216 -0.04977180860495713 0.12075834100624948 0.018788039147024056 -0.039347948082530664 0.26248171258412906
2019076012322.270 -4909.288023248318 3658.072251000572 -3079.0338744825317
0.16545492966430714 -0.0631637645584715 0.14098160440356414 0.03189659936097205 -0.0575422598925055 0.29606886673613764
2019076012422.110 -5214.642195747149 3435.310052980229 -2823.201027846346
0.18669600330005381 -0.08026559531582125 0.16425251877128513 0.04914337442544896 -0.07956118207363232 0.3317292995582846
2019076012521.950 -5496.874388412043 3197.3159815143467 -2554.81482551383
0.21239423781926145 -0.10192190966491968 0.1909295909448339 0.07127497948169827 -0.10565534104631968 0.3693410983782211
2019076012621.790 -5754.729000772266 2945.1427446595494 -2275.0666963935064
0.24406419236477755 -0.12907287019206554 0.22134197935322825 0.09907336456059336 -0.13599638813876533 0.4087080578714359
2019076012721.630 -5987.058404261759 2679.906433655162 -1985.1991063178116
0.2835756322634131 -0.16276444274072316 0.25573956511548296 0.13333795494189443 -0.17064857837343053 0.4495737227595995
2019076012821.470 -6192.8281823661755 2402.781614990647 -1686.5000367179655
0.3332239902752924 -0.2040939819864858 0.2943080701878823 0.17484440308978064 -0.20957295192643435 0.49159981208306447
2019076012921.310 -6371.121876531867 2114.996139386231 -1380.2972458535182
0.3957524852014132 -0.2542140979651968 0.3370866632616188 0.22434469299904553 -0.25255012911367297 0.5343027468246573
2019076013021.150 -6521.145211013339 1817.8256867858045 -1067.952336391234
0.4743995788738095 -0.31428349594393323 0.38394216657045543 0.2825127464225728 -0.29916393838193994 0.5770464316060172
2019076013120.990 -6642.229769920023 1512.5880706242026 -750.8546538500465
0.5729544256749565 -0.3853881912890788 0.43453561452221884 0.3498577898000039 -0.34877661566355256 0.6190256203002252
2019076013220.830 -6733.836101190936 1200.6373288651544 -430.41504197458374
0.6957712424905326 -0.4684729935583996 0.48826640684259676 0.42665516951629096 -0.4004925455878639 0.6592539285321486
2019076013320.670 -6795.556225220069 883.3576327442211 -108.05948329357585
0.8477447782622751 -0.5642806058008554 0.5443040485824263 0.5128843577389098 -0.4532474215622493 0.6967179774223734
2019076013420.510 -6827.115530115964 562.1570462791627 214.77734439448295
1.0343081539564651 -0.6732322296849667 0.6015132273261907 0.6081352145902591 -0.5056910865183407 0.730194355641901
2019076013520.350 -6828.374040594241 238.46117039442802 536.6585625315205
1.261376682625061 -0.7953086610655429 0.6584730057130757 0.7114945153748077 -0.5562160340415702 0.7582737506696243
2019076013620.190 -6799.327068005523 -86.29311553165059 856.151397328596
1.5352594422335595 -0.9300187901759283 0.7136411553429326 0.8215435062792227 -0.6031762345039313 0.779639063919132
2019076013720.030 -6740.1051633105235 -410.6646624033951 1171.8342687466973
1.8624957549896324 -1.0760161937403605 0.7649031970572159 0.9359516053325895 -0.6444317042994042 0.7926074890256611
2019076013819.870 -6650.973521008553 -733.2140643349146 1482.3026653425336
2.2497236030837255 -1.2312855455480294 0.8101420285140417 1.0517460956518474 -0.6779944357008124 0.7958389422332584
2019076013919.710 -6532.330700470506 -1052.5102768062325 1786.1756398857547
2.7034419684742415 -1.3929131264035888 0.8471153078612845 1.165091948013393 -0.7018514229125391 0.7880811713546306
2019076014019.550 -6384.706736365402 -1367.137072260995 2082.102050402329
3.2297435509670556 -1.556996323781114 0.8735689464189309 1.2712280388324226 -0.714086332817092 0.7682869782091193
2019076014119.390 -6208.760543160643 -1675.6995593925635 2368.7668204284296
3.8340172224520295 -1.7185992186607413 0.887359352974933 1.3644741158232796 -0.7130392364941652 0.7358070843049239
2019076014219.230 -6005.277114624005 -1976.8299649643589 2644.8962649168457
4.520604261287418 -1.8717236474167116 0.8866198407270298 1.4382472195840594 -0.69747510352372 0.6905458357995646
2019076014319.070 -5775.163598371297 -2269.1941645131506 2909.264277663155
5.292493516328971 -2.0093633852363277 0.8698986752308774 1.4851674833134705 -0.6667276030512035 0.6331023233861849
2019076014418.910 -5519.445156526484 -2551.4974988168815 3160.6976338931327
6.150975339904157 -2.123583564744151 0.83634996645423 1.4971658250892688 -0.6208517253474586 0.5648630817541961
2019076014518.750 -5239.260250432042 -2822.490478477725 3398.081141683167
7.095235884347049 -2.2056072971060035 0.7858897674648457 1.4656003230737513 -0.5607597490426136 0.48810702691674446
2019076014618.590 -4935.85525687278 -3080.9744118335284 3620.362677898022
8.122013445654128 -2.2460091374021403 0.7193749289391339 1.3815079078012205 -0.48839871896735776 0.40617465005597836
2019076014718.430 -4610.579282707719 -3325.8062642189607 3826.557361043367
9.22535637509498 -2.2349807495122564 0.6387715046403564 1.2358990027028136 -0.40688147165756666 0.3235499306911732
2019076014818.270 -4264.877621746759 -3555.903989129912 4015.752211458341
10.396538937247097 -2.1626864271442643 0.547294331700136 1.0201301011623545 -0.32058729498907884 0.24591385411764888
2019076014918.110 -3900.285364760849 -3770.25114041483 4187.110010770321
11.623746331211033 -2.0195347540789683 0.4494909326717753 0.7261793934263241 -0.23519667106784295 0.18012457917946717
2019076015017.950 -3518.420556270252 -3967.9012537399567 4339.87289433792
12.892091858731035 -1.7965992422818797 0.35131059636274725 0.34707114436076747 -0.15771649522164435 0.13419520989639672
2019076015117.790 -3120.9767637629325 -4147.982027536157 4473.365698554134
14.183646974012705 -1.4860273254125393 0.26011080569128975 -0.12272739481846434 -0.0964365616684461 0.11719915331795248
2019076015217.630 -2709.7162078004585 -4309.698803968601 4586.998598237278
15.4776631106246 -1.0814964409255599 0.1846207171519378 -0.6868760498593524 -0.0608407793174201 0.13912976656706222
2019076015317.470 -2286.4613844107844 -4452.338227129055 4680.269851015845
16.75100192048851 -0.5786706727701971 0.1348298715806467 -1.3467743123742961 -0.061440128912481906 0.21068561755876453
2019076015417.310 -1853.087153525934 -4575.271239382084 4752.7678716437795
17.97839512998078 0.02443165873374098 0.12180715587887671 -2.1012284562365204 -0.1095478129608548 0.34300639906936187
2019076015517.150 -1411.5125247291644 -4677.9557471935605 4804.172947166882
19.133079985156975 0.7270424666648158 0.15746625303160358 -2.94613783402698 -0.21700013502435903 0.5473597967558649
2019076015616.990 -963.6920384694207 -4759.938953184792 4834.258577209128
20.18746644069633 1.5253283087997735 0.25426448011789576 -3.874264265697093 -0.39581977468843577 0.834781412894313
2019076015716.830 -511.60781043087525 -4820.8591786966535 4842.892361716936
21.113930242067497 2.4121456144065165 0.4248462605485292 -4.8750875352469585 -0.6578325363573548 1.2156797733150102
2019076015816.670 -57.26038027896594 -4860.447474257821 4830.036564319611
21.885683498868747 3.3768945313802656 0.68163713661314 -5.9347658025297765 -1.0142460777048417 1.6994156114136076
2019076015916.510 397.3398765534673 -4878.528744744942 4795.748242748937
22.477640330080444 4.40548179023766 1.0364018611192969 -7.036204188548252 -1.475206610038772 2.29387473395562
2019076020016.350 850.1814431644656 -4875.022498988451 4740.1789964230875
22.867361033930944 5.48039750062912 1.4997796576890796 -8.159244082842697 -2.049345733556427 3.005044665542607
2019076020116.190 1299.260396989101 -4849.943216061745 4663.5743304004845
23.035987820173826 6.580919545998945 2.080812058856116 -9.280980716239641 -2.7433349635083166 3.8366153629917963
2019076020216.030 1742.5891276396958 -4803.4003197446145 4566.272632216147
22.969142516956293 7.683457715793653 2.786482275478839 -10.376211839579252 -3.5614679322347165 4.7896225294540296
2019076020315.870 2178.2050072598163 -4735.597756988445 4448.703758270421
22.657539096743424 8.76198156440552 3.6212780768108632 -11.417917817893413 -4.505274102588589 5.862122816671918
2019076020415.710 2604.1789791732003 -4646.833176753712 4311.38722662709
22.09787795061198 9.788626340583749 4.586807766138938 -12.377989716143807 -5.573208796430192 7.048981726971711
2019076020515.550 3018.624026344859 -4537.496707772674 4154.9300159152535
21.29329950842275 10.73436872806032 5.681477076224935 -13.227946493523618 -6.760410011590592 8.341721256085505
